13 64
36 36
66 96
50 13
22 82
39 2
34 29
45 67
80 14
57 48
32 3
48 35
92 3
53 54
1 5
66 90
48 86
12 70
16 99
55 73
76 66
64 74
81 28
54 55
87 40
59 51
94 27
92 76
19 93
59 58
35 68
25 55
52 72
96 88
80 50
50 14
84 48
85 46
95 28
40 17
17 8
6 78
5 46
62 93
46 96
30 45
8 29
84 68
40 42
86 41
66 23
35 54
8 14
31 55
31 60
43 33
73 57
70 76
38 48
56 14
89 42
27 42
30 7
22 15
1 39
97 91
68 50
12 24
40 51
86 86
10 41
86 19
33 34
78 77
65 43
15 22
33 35
85 92
62 71
61 41
57 17
73 10
9 15
13 15
50 18
53 65
91 97
27 12
95 97
7 62
46 99
16 56
71 83
14 23
39 1
26 73
77 82
87 24
43 68
66 94
74 45
30 54
15 50
2 12
3 9
41 41
71 29
27 73
80 54
87 37
67 37
44 86
70 58
2 72
5 82
23 75
20 45
90 11
72 66
84 29
62 65
8 27
82 15
27 23
21 75
41 66
6 41
67 76
95 76
66 30
77 14
48 8
74 77
20 43
81 24
47 28
47 10
0 16
64 67
51 18
21 85
22 70
63 88
70 75
42 94
12 48
69 94
7 80
31 86
93 64